( 759491,74 ): 0.531886 ( 1.52801e+06,1589 ): 0.934029 ( 133969,2578 ): 0.861067 ( 178014,4358 ): 0.84623 ( 42234,4458 ): 0.945945 
( 396372,6563 ): 0.908661 ( 942252,6855 ): -0.218626 ( 334740,7974 ): 0.657726 ( 18258,11210 ): 0.404152 ( 740833,11506 ): 0.0405355 
( 112789,11664 ): 0.879414 ( 66915,12877 ): -0.363232 ( 32071,14329 ): 0.558417 ( 112462,14959 ): 0.330725 ( 857203,17882 ): 0.97199 
( 305501,18176 ): 0.994116 ( 617196,18862 ): 0.993036 ( 608945,19740 ): 0.728235 ( 305541,22574 ): 0.568757 ( 62823,22602 ): 0.980216 
( 130932,22875 ): 0.680928 ( 228323,22981 ): 0.822985 ( 463527,23147 ): 0.80953 ( 190632,23411 ): 0.528226 ( 502163,24152 ): -0.221157 
( 180228,27102 ): 0.680294 ( 259529,28015 ): 0.704889 ( 567325,28692 ): 0.484922 ( 577627,29604 ): 0.847056 ( 848784,32193 ): 0.405273 
( 31263,32333 ): 0.892685 ( 37730,34880 ): 0.939605 ( 154998,35864 ): -0.0947292 ( 3.49528e+06,36106 ): -0.815871 ( 267354,36934 ): 0.966167 
( 315336,37197 ): 0.947884 ( 607283,37865 ): 0.404478 ( 772745,41976 ): 0.800187 ( 186312,44998 ): 0.317707 ( 279337,45287 ): 0.84806 
( 403120,46184 ): 0.800514 ( 333464,48126 ): -0.455157 ( 683750,49163 ): -0.00914913 ( 311680,50581 ): 0.226489 ( 586798,51230 ): 0.854263 
( 311074,53441 ): 0.95846 ( 425105,57188 ): -0.0307415 ( 403120,57488 ): 0.926568 ( 809266,57497 ): 0.351791 ( 49180,58361 ): 0.366701 
( 129775,59503 ): -0.0944726 ( 129775,59949 ): 0.779594 ( 24944,62455 ): -0.156676 ( 165855,62729 ): 0.952901 ( 520545,63340 ): 0.893375 
( 1.00678e+06,64817 ): -0.079105 ( 756518,68155 ): 0.0552672 ( 156886,74005 ): 0.505215 ( 805930,74340 ): 0.891107 ( 190012,74952 ): 0.939132 
( 137390,80609 ): 0.875266 ( 324854,81079 ): 0.872628 ( 780005,84387 ): 0.73152 ( 860080,87922 ): 0.837562 ( 128440,89071 ): 0.749239 
( 290464,90389 ): -0.228088 ( 7448,91763 ): -0.648363 ( 607202,95176 ): 0.955541 ( 139026,96804 ): 0.908847 ( 802464,97065 ): -0.840507 
( 645474,97395 ): 0.514238 ( 754032,98467 ): -0.359582 ( 825251,98707 ): 0.944691 ( 754032,99888 ): 0.866428 ( 782191,101164 ): 0.446429 
( 4852,101575 ): 0.866759 ( 642542,101776 ): 0.668454 ( 471355,102964 ): 0.990621 ( 296024,108283 ): 0.954579 ( 69153,108774 ): 0.927872 
( 754032,109012 ): -0.445592 ( 105618,109669 ): 0.882887 ( 502163,110792 ): 0.234881 ( 315339,112204 ): 0.905611 ( 276085,115079 ): 0.658429 
( 781172,118853 ): 0.99855 ( 486047,120163 ): 0.442347 ( 297894,120411 ): -0.114532 ( 647796,120412 ): 0.862315 ( 753706,121236 ): 0.992807 
( 848913,121863 ): 0.644938 ( 96379,123515 ): -0.368158 ( 518313,124248 ): 0.824132 ( 288111,126862 ): 0.95259 ( 31263,127889 ): 0.000913256 
( 792507,128249 ): 0.854797 ( 743966,129551 ): 0.912437 ( 87985,130036 ): -0.396705 ( 169526,130418 ): 0.953925 ( 62002,130552 ): 0.742153 
( 24944,132849 ): 0.531615 ( 137580,133420 ): 0.977468 ( 120521,133528 ): -0.411567 ( 162677,133832 ): 0.991133 ( 230667,138235 ): 0.515801 
( 792507,140176 ): 0.989591 ( 246022,141256 ): 0.00865361 ( 939567,144629 ): 0.176742 ( 485991,145443 ): 0.482505 ( 845443,145489 ): 0.743955 
( 222436,146478 ): 0.929368 ( 6320,146755 ): 0.509802 ( 762731,146796 ): 0.580972 ( 197532,150629 ): 0.932834 ( 207127,156749 ): 0.231656 
( 672910,158765 ): 0.537601 ( 549797,163577 ): -0.124346 ( 567190,164750 ): 0.794339 ( 574057,165068 ): 0.0569477 ( 784527,166767 ): 0.735364 
( 754032,167296 ): -0.773535 ( 88180,167762 ): 0.955443 ( 109421,169189 ): 0.873379 ( 822777,170214 ): 0.792774 ( 532957,170690 ): 0.788387 
( 296024,171726 ): 0.709025 ( 211758,173007 ): 0.805238 ( 951384,174506 ): 0.945176 ( 221894,175538 ): 0.346356 ( 81683,177957 ): 0.949253 
( 343930,178621 ): 0.981607 ( 44764,178645 ): 0.159356 ( 59819,178750 ): 0.693614 ( 805785,179636 ): 0.975994 ( 18258,181817 ): 0.36625 
( 936946,183699 ): 0.620081 ( 239655,184451 ): -0.449865 ( 308762,185440 ): 0.998766 ( 197921,185999 ): 0.30415 ( 91650,186481 ): -0.0704765 
( 75100,188467 ): 0.685112 ( 573978,188697 ): 0.41142 ( 292559,188843 ): 0.94751 ( 947816,189701 ): 0.944095 ( 414251,190531 ): 0.918007 
( 684920,190888 ): 0.313999 ( 165855,192840 ): -0.334419 ( 390390,195634 ): 0.733885 ( 77560,196200 ): 0.762419 ( 260038,196544 ): 0.910654 
( 369270,197040 ): 0.511478 ( 767016,198426 ): 0.880714 ( 520545,199089 ): 0.997313 ( 781172,200322 ): -0.297046 ( 395819,200777 ): 0.948154 
( 139089,204847 ): 0.90215 ( 805930,204968 ): 0.869985 ( 23290,206967 ): 0.711151 ( 936206,212006 ): 0.682158 ( 410219,216586 ): 0.926024 
( 246885,219287 ): 0.965527 ( 796045,221426 ): 0.930765 ( 671953,222748 ): 0.785902 ( 477523,225944 ): 0.0772216 ( 31263,227708 ): 0.421754 
( 669511,231013 ): 0.844879 ( 52151,233300 ): 0.355232 ( 10538,238968 ): 0.898703 ( 59156,240009 ): 0.923496 ( 471156,240267 ): 0.786412 
( 178906,244073 ): 0.815858 ( 342833,245292 ): 0.979994 ( 238115,246628 ): 0.119116 ( 813092,249420 ): 0.850636 ( 796741,253296 ): 0.742446 
( 781094,253397 ): 0.678934 ( 754032,253861 ): 0.820899 ( 636106,253914 ): 0.950538 ( 140499,255051 ): -0.68738 ( 160690,256528 ): 0.909901 
( 84053,256557 ): 0.97825 ( 165162,258514 ): 0.0597159 ( 626463,261087 ): 0.950106 ( 757157,264617 ): -0.0917357 ( 81083,269172 ): 0.925952 
( 532957,272567 ): 0.777911 ( 500298,279395 ): 0.470891 ( 101795,281953 ): 0.4708 ( 136871,282752 ): 0.958925 ( 767016,283015 ): 0.754147 
( 945269,286092 ): 0.992741 ( 925837,302026 ): 0.861941 ( 745584,302955 ): 0.923537 ( 615026,303422 ): -0.572036 ( 540883,307083 ): 0.0723707 
( 758453,308013 ): -0.855203 ( 200775,309839 ): 0.978844 ( 586798,314923 ): 0.875235 ( 296024,315104 ): 0.832879 ( 206241,315142 ): 0.350922 
( 287604,317093 ): 0.223227 ( 610706,317571 ): 0.577735 ( 578999,320470 ): 0.732231 ( 227527,327130 ): 0.691809 ( 543055,328956 ): 0.0832958 
( 162197,329542 ): 0.22815 ( 790820,329883 ): -0.340718 ( 96977,329978 ): 0.697057 ( 925837,330061 ): 0.609107 ( 273105,332536 ): 0.987624 
( 856451,333903 ): 0.664223 ( 261332,346637 ): 0.757757 ( 119111,352164 ): 0.99254 ( 649435,352575 ): 0.879848 ( 128440,354609 ): 0.552505 
( 792530,354883 ): -0.228463 ( 130932,355142 ): 0.510801 ( 147635,359179 ): 0.976894 ( 21334,359559 ): 0.734598 ( 39656,360956 ): 0.949645 
( 755494,367156 ): -0.537958 ( 17748,367417 ): 0.0823188 ( 748773,369270 ): 0.380828 ( 81083,389979 ): 0.779523 ( 29884,395633 ): -0.881733 
( 81796,396372 ): 0.776355 ( 227527,397156 ): -0.29215 ( 135273,399437 ): 0.803249 ( 950571,405113 ): 0.882515 ( 147635,407101 ): 0.990837 
( 950571,408531 ): 0.602786 ( 838300,409985 ): 0.89666 ( 179698,413405 ): 0.456305 ( 7689,423467 ): 0.679753 ( 201760,424117 ): 0.882719 
( 669303,428725 ): 0.885522 ( 235923,444140 ): 0.846902 ( 485135,448152 ): 0.915398 ( 508443,448207 ): 0.199123 ( 29884,450700 ): -0.892083 
( 74853,450786 ): 0.331388 ( 780581,453009 ): 0.730528 ( 816890,454240 ): 0.653177 ( 511041,460553 ): 0.919456 ( 816701,479204 ): 0.283183 
( 808944,480984 ): 0.950145 ( 418740,483848 ): 0.878585 ( 351733,485118 ): 0.248758 ( 754032,486115 ): 0.820831 ( 170690,490416 ): 0.943517 
( 744548,492670 ): -0.663936 ( 145543,494537 ): 0.779905 ( 105129,501537 ): 0.475723 ( 109274,502774 ): -0.0891892 ( 75825,502806 ): 0.318198 
( 257141,502978 ): 0.41719 ( 894335,503668 ): 0.785761 ( 927555,515600 ): -0.664795 ( 195368,515750 ): 0.442865 ( 245760,515790 ): 0.319305 
( 754032,520975 ): 0.486038 ( 549797,523661 ): 0.947844 ( 29884,546735 ): 0.379042 ( 21578,550940 ): 0.988443 ( 167320,556292 ): 0.92421 
( 176358,559927 ): 0.844843 ( 24944,567374 ): 0.448698 ( 830028,574483 ): -0.157068 ( 572106,576072 ): 0.493247 ( 137580,578028 ): -0.361779 
( 414251,580485 ): -0.642704 ( 44764,585210 ): 0.550834 ( 85448,588943 ): 0.545989 ( 73383,589802 ): 0.927555 ( 6232,591459 ): 0.522217 
( 809396,593129 ): -0.198478 ( 781370,597269 ): 0.941029 ( 744548,603980 ): 0.640837 ( 869417,604090 ): 0.655205 ( 238115,604924 ): -0.306194 
( 197424,607105 ): 0.858312 ( 744548,611877 ): 0.401785 ( 349157,612095 ): 0.567602 ( 132940,615026 ): 0.892934 ( 135273,616979 ): 0.333139 
( 174822,620759 ): 0.103474 ( 192382,623985 ): 0.882894 ( 31263,626115 ): 0.982064 ( 758194,627250 ): 0.897376 ( 311680,628571 ): 0.184994 
( 956973,632986 ): 0.0483783 ( 748222,633080 ): 0.279518 ( 825032,634674 ): 0.970183 ( 796741,650525 ): 0.981679 ( 194039,660244 ): 0.340527 
( 16759,661974 ): 0.963991 ( 542549,662149 ): 0.996443 ( 242861,663455 ): 0.703905 ( 1.31204e+06,664618 ): 0.892982 ( 147200,669473 ): -0.804838 
( 162677,670641 ): 0.867657 ( 38490,672411 ): 0.535132 ( 197424,672918 ): 0.368767 ( 805930,674310 ): 0.864102 ( 668448,674937 ): 0.93607 
( 820434,681956 ): 0.650278 ( 848784,683065 ): 0.468254 ( 52151,683921 ): -0.106527 ( 311074,694325 ): 0.918175 ( 187907,695943 ): 0.961003 
( 279337,697391 ): 0.543265 ( 337119,740569 ): 0.62777 ( 4852,741671 ): 0.907045 ( 6613,744075 ): 0.782286 ( 193320,746128 ): 0.701296 
( 754032,746182 ): -0.256326 ( 639005,752150 ): 0.989234 ( 636433,752613 ): 0.766178 ( 898331,753094 ): 0.799904 ( 330575,753254 ): 0.384371 
( 180023,753422 ): 0.812436 ( 792507,753985 ): 0.906424 ( 6334,754219 ): 0.670245 ( 611881,754879 ): 0.980316 ( 489676,755030 ): 0.737233 
( 591620,758194 ): 0.848012 ( 11028,758661 ): 0.931354 ( 578999,759187 ): 0.990971 ( 379125,761109 ): -0.569717 ( 486305,762288 ): 0.838597 
( 83554,762496 ): -0.522568 ( 608701,769616 ): 0.987274 ( 858710,770628 ): 0.997179 ( 816517,771838 ): 0.93828 ( 149173,773615 ): 0.897423 
( 151469,774956 ): 0.824538 ( 649950,775446 ): -0.835036 ( 583618,778526 ): 0.892713 ( 942252,779209 ): 0.0421175 ( 186185,779599 ): 0.984297 
( 615026,781680 ): 0.785065 ( 1.05529e+06,784122 ): 0.917945 ( 805930,784527 ): 0.832102 ( 744969,784597 ): 0.735793 ( 208404,786080 ): 0.601714 
( 142652,786360 ): 0.820082 ( 410219,787960 ): 0.337567 ( 40225,788937 ): 0.742167 ( 315909,793227 ): 0.12017 ( 418740,793898 ): 0.992288 
( 203008,793913 ): 0.984103 ( 1.52801e+06,795288 ): 0.978905 ( 781094,795905 ): 0.642131 ( 75295,798477 ): 0.871575 ( 760240,798662 ): 0.98467 
( 31263,803533 ): 0.976775 ( 30431,804338 ): 0.909745 ( 259529,805930 ): 0.80685 ( 72041,810912 ): 0.960822 ( 96379,811178 ): 0.980146 
( 772526,812040 ): -0.256992 ( 75100,813463 ): 0.740311 ( 94658,814530 ): -0.403424 ( 287350,814871 ): 0.322315 ( 838195,818254 ): 0.936414 
( 276626,818627 ): 0.339415 ( 70534,820780 ): 0.244718 ( 45057,820999 ): 0.990569 ( 409954,821252 ): 0.596239 ( 4852,822913 ): 0.928162 
( 295756,824895 ): 0.143648 ( 477875,825168 ): 0.462626 ( 898331,825208 ): 0.984598 ( 178014,826660 ): 0.833762 ( 92303,826936 ): 0.053887 
( 591104,827224 ): 0.0499491 ( 137494,827250 ): 0.95796 ( 608701,827367 ): -0.664873 ( 892771,827760 ): 0.782191 ( 492162,827859 ): 0.427468 
( 805930,828507 ): 0.79383 ( 221894,829125 ): 0.669366 ( 321321,832833 ): 0.437469 ( 125569,833539 ): 0.677276 ( 669511,836103 ): 0.332096 
( 577531,837150 ): 0.985934 ( 540883,839037 ): 0.427783 ( 926548,840215 ): -0.445521 ( 582930,845668 ): 0.758989 ( 519637,851205 ): -0.531992 
( 561715,851240 ): 0.0495427 ( 188432,852970 ): 0.820192 ( 47033,855619 ): 0.109891 ( 796439,855655 ): 0.651934 ( 7731,857887 ): 0.794716 
( 511041,859026 ): 0.381154 ( 798606,859509 ): 0.883313 ( 764890,860996 ): 0.731419 ( 610706,866767 ): 0.912995 ( 502371,869364 ): 0.907754 
( 390477,884251 ): 0.985269 ( 37730,887235 ): 0.965386 ( 87113,887348 ): 0.11029 ( 556242,887719 ): 0.111371 ( 366164,888394 ): -0.0623479 
( 744969,888942 ): 0.920529 ( 777210,891911 ): 0.898946 ( 758194,894831 ): 0.206044 ( 961427,912566 ): 0.987583 ( 43444,914671 ): 0.999129 
( 325459,919846 ): -0.0546201 ( 171637,920165 ): 0.492766 ( 245039,921289 ): -0.177901 ( 230784,921888 ): 0.0567786 ( 541125,923801 ): 0.917021 
( 272567,926115 ): -0.132046 ( 119651,933927 ): 0.333548 ( 307461,934801 ): 0.488489 ( 478426,948333 ): 0.498413 ( 230667,949025 ): 0.332262 
( 246960,950441 ): 0.709323 ( 409954,950777 ): 0.820361 ( 6320,950805 ): 0.600188 ( 69534,954189 ): 0.909969 ( 249175,955773 ): 0.808641 
( 591459,983872 ): 0.75559 ( 758208,988448 ): 0.969208 ( 240665,989540 ): 0.99641 ( 28002,997588 ): 0.988116 ( 667669,999790 ): 0.625929 
( 754032,1.01963e+06 ): 0.386761 ( 478173,1.03222e+06 ): 0.232875 ( 754032,1.03245e+06 ): -0.394073 ( 549797,1.0615e+06 ): 0.609969 ( 745584,1.27611e+06 ): -0.156843 
( 793664,1.40978e+06 ): 0.757003 ( 798662,1.43517e+06 ): 0.642425 ( 239921,1.45998e+06 ): 0.766077 ( 1.82483e+06,1.47185e+06 ): 0.919624 ( 758999,1.57371e+06 ): 0.367579 
( 57280,1.59184e+06 ): 0.376947 ( 845662,1.61904e+06 ): 0.556206 ( 894465,1.62071e+06 ): -0.422196 ( 480086,1.77244e+06 ): 0.255755 ( 71970,1.97197e+06 ): 0.652774 
( 776011,2.04353e+06 ): 0.373873 ( 924780,2.06029e+06 ): 0.853774 ( 546214,2.11807e+06 ): 0.965221 ( 775877,2.14294e+06 ): -0.645819 ( 793022,2.3683e+06 ): 0.401457 
( 45313,2.39429e+06 ): 0.819942 ( 757342,2.39771e+06 ): 0.842818 ( 578999,2.40696e+06 ): 0.551289 ( 865016,2.4444e+06 ): -0.24796 ( 495338,2.52614e+06 ): 0.865579 
( 611007,2.52842e+06 ): 0.868904 ( 232480,2.59697e+06 ): 0.99681 ( 546214,2.64131e+06 ): 0.983997 ( 468938,2.77579e+06 ): 0.958791 ( 134600,2.80673e+06 ): 0.0440814 
( 83554,2.81418e+06 ): 0.827587 ( 587631,2.87795e+06 ): 0.705962 ( 31685,2.92352e+06 ): -0.689522 ( 170770,3.04562e+06 ): 0.192407 ( 26164,3.13937e+06 ): 0.102618 
( 792530,3.14544e+06 ): 0.182845 ( 761179,3.17854e+06 ): 0.626064 ( 757342,3.19026e+06 ): 0.956439 ( 303506,3.24266e+06 ): 0.544304 ( 3426,3.41025e+06 ): 0.801429 
( 866491,3.41351e+06 ): -0.283683 ( 170770,3.4166e+06 ): 0.886748 ( 170770,3.42047e+06 ): 0.876688 ( 325459,3.44969e+06 ): 0.538783 ( 80649,3.46957e+06 ): 0.303463 
( 478173,3.50628e+06 ): 0.805145 ( 2.57046e+06,3.60603e+06 ): 0.508163 ( 2.57046e+06,3.60603e+06 ): 0.508163 
average: 0.544863
