( 559405,1611 ): 0.680848 ( 156886,2252 ): -0.23602 ( 536122,4553 ): 0.182779 ( 140176,14073 ): 0.261906 ( 43714,16227 ): 0.342018 
( 38466,16235 ): 0.0703618 ( 489520,18513 ): 0.136306 ( 675495,20028 ): -0.438683 ( 680522,20919 ): -0.0427689 ( 189644,20984 ): 0.828466 
( 104714,25394 ): 0.0351889 ( 793845,25899 ): 0.891986 ( 205180,26161 ): 0.259343 ( 144458,28316 ): -0.0275174 ( 121590,28918 ): -0.0859165 
( 51066,31158 ): 0.746149 ( 819344,31971 ): 0.504204 ( 2411,32045 ): 0.717713 ( 774588,32409 ): 0.259922 ( 378624,33995 ): 0.0892553 
( 237205,41420 ): 0.112517 ( 809396,45745 ): 0.318462 ( 48816,45941 ): 0.337263 ( 211424,46345 ): 0.604461 ( 359062,48806 ): 0.760515 
( 286561,57577 ): -0.434454 ( 487271,61912 ): 0.291157 ( 131681,62270 ): 0.285675 ( 3595,64954 ): 0.789586 ( 744548,65620 ): 0.391234 
( 287604,66228 ): 0.240877 ( 82013,69402 ): -0.0253271 ( 361393,75329 ): 0.30076 ( 677781,77963 ): 0.261967 ( 223054,81836 ): 0.45188 
( 887638,84777 ): -0.324066 ( 661524,86826 ): -0.0293353 ( 921306,91651 ): 0.182071 ( 288111,96701 ): 0.825625 ( 327735,97203 ): 0.0648999 
( 477377,100840 ): -0.164605 ( 443997,103460 ): 0.448067 ( 27136,104217 ): -0.23331 ( 674332,109274 ): -0.17 ( 32193,115140 ): 0.22973 
( 750203,120487 ): 0.802211 ( 276085,129591 ): 0.0790246 ( 824022,135024 ): 0.803455 ( 287604,138837 ): 0.539008 ( 687933,162265 ): 0.377073 
( 223701,162794 ): 0.465052 ( 324819,176083 ): 0.233683 ( 175775,177372 ): 0.669516 ( 51066,188809 ): -0.288215 ( 936946,199194 ): 0.210193 
( 457807,201022 ): -0.317061 ( 577235,201958 ): -0.250815 ( 805930,202187 ): 0.214231 ( 807489,217963 ): 0.875723 ( 660507,220024 ): 0.343097 
( 477523,223683 ): -0.291617 ( 952794,230886 ): 0.579602 ( 24944,252513 ): 0.435824 ( 119651,257364 ): 0.00512042 ( 79016,259529 ): 0.684205 
( 42993,266503 ): -0.0224497 ( 931567,269972 ): 0.544033 ( 936946,272713 ): -0.0977212 ( 626268,282912 ): 0.430688 ( 82584,290040 ): 0.711984 
( 840000,295285 ): 0.856744 ( 273531,295933 ): 0.550788 ( 574597,302774 ): 0.0175909 ( 29609,305541 ): 0.929111 ( 134729,306851 ): 0.69372 
( 804476,312464 ): 0.124995 ( 314113,314155 ): 0.245798 ( 783025,315909 ): -0.0997975 ( 104714,318966 ): 0.0989465 ( 577261,334243 ): 0.280607 
( 577531,353145 ): 0.890499 ( 3595,356422 ): 0.619368 ( 259270,360948 ): 0.549691 ( 824022,364861 ): 0.28988 ( 754032,391285 ): -0.115126 
( 392299,398892 ): 0.479387 ( 18977,398909 ): 0.159953 ( 830538,399249 ): -0.453685 ( 744969,399361 ): 0.287698 ( 898336,403120 ): 0.613326 
( 71970,411487 ): 0.309272 ( 617568,412715 ): 0.656531 ( 607283,463663 ): 0.374215 ( 198783,490805 ): 0.745499 ( 797056,499780 ): 0.433365 
( 92942,524634 ): 0.332027 ( 413524,543169 ): -0.237524 ( 830538,569064 ): -0.218464 ( 107139,583843 ): 0.490855 ( 918600,600386 ): -0.103169 
( 150629,607967 ): 0.190951 ( 555695,633044 ): 0.71347 ( 137494,641111 ): 0.662864 ( 684920,651796 ): 0.324443 ( 46861,668448 ): 0.434602 
( 737886,691616 ): 0.828271 ( 660507,741692 ): 0.488886 ( 543867,748933 ): -0.104042 ( 221803,752094 ): -0.14655 ( 287604,763554 ): -0.0311743 
( 29334,771297 ): -0.121385 ( 695019,774983 ): 0.651654 ( 27916,776406 ): 0.0939212 ( 680522,777366 ): -0.32787 ( 769876,794449 ): 0.516688 
( 488378,795054 ): 0.54634 ( 244406,800492 ): 0.565698 ( 802791,802048 ): 0.162151 ( 361393,808155 ): 0.0370082 ( 118544,809058 ): 0.52869 
( 276592,813485 ): 0.66491 ( 47134,816267 ): 0.33372 ( 151290,836017 ): 0.9051 ( 687933,838847 ): 0.0299457 ( 238495,846671 ): 0.0591743 
( 11028,847703 ): 0.895994 ( 228714,851639 ): 0.739239 ( 301619,853254 ): -0.187822 ( 626268,862902 ): 0.721414 ( 684920,887990 ): 0.756147 
( 230667,890683 ): 0.0664503 ( 828768,893111 ): 0.832144 ( 389979,921554 ): 0.742538 ( 684920,923497 ): 0.837271 ( 212614,927278 ): 0.149587 
( 403184,935413 ): 0.121596 ( 112017,936126 ): 0.0706912 ( 183867,943649 ): 0.83153 ( 6613,952503 ): -0.239059 ( 287604,960674 ): -0.0424073 
( 190235,986695 ): 0.214396 ( 275832,1.23307e+06 ): 0.274078 ( 467203,1.48269e+06 ): 0.0491436 ( 275757,2.11337e+06 ): -0.21178 ( 811395,2.43743e+06 ): 0.542715 
( 196969,2.5184e+06 ): 0.529237 ( 275757,3.09957e+06 ): 0.358926 ( 761179,3.1059e+06 ): 0.133207 ( 3.16101e+06,3.30695e+06 ): 0.750434 ( 275757,3.31312e+06 ): 0.548515 
( 467203,3.36153e+06 ): 0.462747 ( 85397,3.38374e+06 ): -0.235816 ( 612716,3.48625e+06 ): 0.610026 ( 744796,3.53943e+06 ): 0.17406 
average: 0.303453
