( 559405,1611 ): 0.928949 ( 156886,2252 ): -0.208605 ( 536122,4553 ): 0.519785 ( 140176,14073 ): 0.349851 ( 43714,16227 ): 0.669821 
( 38466,16235 ): 0.0505876 ( 489520,18513 ): 0.235502 ( 675495,20028 ): -0.425971 ( 680522,20919 ): 0.221564 ( 189644,20984 ): 0.931441 
( 104714,25394 ): -0.0857169 ( 793845,25899 ): 0.940915 ( 205180,26161 ): 0.33154 ( 144458,28316 ): 0.147919 ( 121590,28918 ): 0.270058 
( 51066,31158 ): 0.964754 ( 819344,31971 ): 0.21734 ( 2411,32045 ): 0.824224 ( 774588,32409 ): 0.944887 ( 378624,33995 ): -0.235928 
( 237205,41420 ): 0.974129 ( 809396,45745 ): 0.480284 ( 48816,45941 ): 0.978038 ( 211424,46345 ): 0.876297 ( 359062,48806 ): 0.876811 
( 286561,57577 ): -0.455987 ( 487271,61912 ): 0.626573 ( 131681,62270 ): 0.935935 ( 3595,64954 ): 0.872444 ( 744548,65620 ): -0.113909 
( 287604,66228 ): 0.39544 ( 82013,69402 ): -0.103342 ( 361393,75329 ): 0.759784 ( 677781,77963 ): 0.882347 ( 223054,81836 ): 0.827711 
( 887638,84777 ): -0.461841 ( 661524,86826 ): -0.111443 ( 921306,91651 ): 0.313201 ( 288111,96701 ): 0.85321 ( 327735,97203 ): -0.118571 
( 477377,100840 ): 0.22143 ( 443997,103460 ): 0.854656 ( 27136,104217 ): -0.594853 ( 674332,109274 ): -0.24173 ( 32193,115140 ): 0.771143 
( 750203,120487 ): 0.723364 ( 276085,129591 ): 0.801961 ( 824022,135024 ): 0.881361 ( 287604,138837 ): 0.706451 ( 687933,162265 ): 0.0219274 
( 223701,162794 ): 0.247903 ( 324819,176083 ): 0.93764 ( 175775,177372 ): 0.723622 ( 51066,188809 ): -0.420215 ( 936946,199194 ): 0.737034 
( 457807,201022 ): 0.474429 ( 577235,201958 ): -0.46174 ( 805930,202187 ): 0.398504 ( 807489,217963 ): 0.885164 ( 660507,220024 ): 0.824943 
( 477523,223683 ): -0.512301 ( 952794,230886 ): 0.887606 ( 24944,252513 ): 0.676141 ( 119651,257364 ): 0.185877 ( 79016,259529 ): 0.705228 
( 42993,266503 ): 0.525659 ( 931567,269972 ): 0.83392 ( 936946,272713 ): 0.0167719 ( 626268,282912 ): 0.730897 ( 82584,290040 ): 0.989887 
( 840000,295285 ): 0.978602 ( 273531,295933 ): 0.817788 ( 574597,302774 ): 0.814045 ( 29609,305541 ): 0.978039 ( 134729,306851 ): 0.930459 
( 804476,312464 ): 0.9315 ( 314113,314155 ): 0.145513 ( 783025,315909 ): -0.171184 ( 104714,318966 ): 0.143385 ( 577261,334243 ): 0.639148 
( 577531,353145 ): 0.957452 ( 3595,356422 ): 0.928831 ( 259270,360948 ): 0.924238 ( 824022,364861 ): 0.214384 ( 754032,391285 ): 0.72793 
( 392299,398892 ): 0.58425 ( 18977,398909 ): -0.132304 ( 830538,399249 ): -0.857229 ( 744969,399361 ): -0.535018 ( 898336,403120 ): 0.949761 
( 71970,411487 ): 0.769794 ( 617568,412715 ): 0.695825 ( 607283,463663 ): -0.198452 ( 198783,490805 ): 0.579957 ( 797056,499780 ): 0.95286 
( 92942,524634 ): 0.829041 ( 413524,543169 ): 0.261499 ( 830538,569064 ): 0.102931 ( 107139,583843 ): 0.905801 ( 918600,600386 ): -0.102991 
( 150629,607967 ): 0.480246 ( 555695,633044 ): 0.264122 ( 137494,641111 ): 0.885516 ( 684920,651796 ): 0.946028 ( 46861,668448 ): 0.733102 
( 737886,691616 ): 0.95943 ( 660507,741692 ): 0.919982 ( 543867,748933 ): 0.51299 ( 221803,752094 ): 0.239252 ( 287604,763554 ): -0.0419813 
( 29334,771297 ): 0.24198 ( 695019,774983 ): 0.439791 ( 27916,776406 ): 0.348372 ( 680522,777366 ): 0.239448 ( 769876,794449 ): 0.118062 
( 488378,795054 ): 0.719714 ( 244406,800492 ): 0.959907 ( 802791,802048 ): 0.26698 ( 361393,808155 ): 0.113871 ( 118544,809058 ): 0.869173 
( 276592,813485 ): 0.645957 ( 47134,816267 ): 0.305003 ( 151290,836017 ): 0.986624 ( 687933,838847 ): -0.872562 ( 238495,846671 ): 0.200752 
( 11028,847703 ): 0.960495 ( 228714,851639 ): 0.973291 ( 301619,853254 ): -0.445662 ( 626268,862902 ): 0.907364 ( 684920,887990 ): 0.909934 
( 230667,890683 ): -0.0214951 ( 828768,893111 ): 0.831672 ( 389979,921554 ): 0.865865 ( 684920,923497 ): 0.950197 ( 212614,927278 ): 0.336772 
( 403184,935413 ): 0.101347 ( 112017,936126 ): 0.237157 ( 183867,943649 ): 0.94882 ( 6613,952503 ): -0.553579 ( 287604,960674 ): 0.419123 
( 190235,986695 ): 0.583153 ( 275832,1.23307e+06 ): 0.684107 ( 467203,1.48269e+06 ): 0.986704 ( 275757,2.11337e+06 ): -0.249594 ( 811395,2.43743e+06 ): 0.781735 
( 196969,2.5184e+06 ): 0.711349 ( 275757,3.09957e+06 ): 0.697257 ( 761179,3.1059e+06 ): 0.160084 ( 3.16101e+06,3.30695e+06 ): 0.688133 ( 275757,3.31312e+06 ): 0.0592382 
( 467203,3.36153e+06 ): 0.798674 ( 85397,3.38374e+06 ): -0.028019 ( 612716,3.48625e+06 ): 0.939372 ( 744796,3.53943e+06 ): 0.917004 
average: 0.466304
