( 759491,74 ): 0.621161 ( 1.52801e+06,1589 ): 0.64503 ( 133969,2578 ): 0.900249 ( 178014,4358 ): 0.899944 ( 42234,4458 ): 0.863591 
( 396372,6563 ): 0.720249 ( 942252,6855 ): 0.0920488 ( 334740,7974 ): 0.330769 ( 18258,11210 ): 0.181986 ( 740833,11506 ): 0.372407 
( 112789,11664 ): 0.722007 ( 66915,12877 ): -0.292001 ( 32071,14329 ): 0.52054 ( 112462,14959 ): 0.7535 ( 857203,17882 ): 0.860646 
( 305501,18176 ): 0.681596 ( 617196,18862 ): 0.897888 ( 608945,19740 ): 0.753315 ( 305541,22574 ): 0.063291 ( 62823,22602 ): 0.509386 
( 130932,22875 ): 0.462428 ( 228323,22981 ): 0.682989 ( 463527,23147 ): 0.737045 ( 190632,23411 ): 0.520378 ( 502163,24152 ): 0.038057 
( 180228,27102 ): 0.639853 ( 259529,28015 ): 0.510211 ( 567325,28692 ): 0.547603 ( 577627,29604 ): -0.370014 ( 848784,32193 ): 0.707207 
( 31263,32333 ): 0.311721 ( 37730,34880 ): 0.485678 ( 154998,35864 ): 0.519064 ( 3.49528e+06,36106 ): -0.319506 ( 267354,36934 ): 0.68497 
( 315336,37197 ): 0.630438 ( 607283,37865 ): 0.48904 ( 772745,41976 ): 0.508939 ( 186312,44998 ): -0.54084 ( 279337,45287 ): 0.256639 
( 403120,46184 ): 0.565772 ( 333464,48126 ): -0.200488 ( 683750,49163 ): -0.249186 ( 311680,50581 ): 0.225028 ( 586798,51230 ): 0.317722 
( 311074,53441 ): 0.863922 ( 425105,57188 ): 0.263125 ( 403120,57488 ): 0.766295 ( 809266,57497 ): -0.130254 ( 49180,58361 ): 0.50741 
( 129775,59503 ): 0.353226 ( 129775,59949 ): 0.122985 ( 24944,62455 ): 0.365552 ( 165855,62729 ): 0.532851 ( 520545,63340 ): 0.145973 
( 1.00678e+06,64817 ): 0.180317 ( 756518,68155 ): -0.203474 ( 156886,74005 ): 0.405008 ( 805930,74340 ): 0.862483 ( 190012,74952 ): 0.741583 
( 137390,80609 ): 0.288051 ( 324854,81079 ): -0.313559 ( 780005,84387 ): 0.430142 ( 860080,87922 ): 0.787076 ( 128440,89071 ): 0.379321 
( 290464,90389 ): 0.808383 ( 7448,91763 ): -0.517513 ( 607202,95176 ): 0.912025 ( 139026,96804 ): -0.0218332 ( 802464,97065 ): -0.517593 
( 645474,97395 ): 0.286975 ( 754032,98467 ): -0.296037 ( 825251,98707 ): 0.640504 ( 754032,99888 ): 0.101852 ( 782191,101164 ): 0.321069 
( 4852,101575 ): 0.564013 ( 642542,101776 ): 0.595212 ( 471355,102964 ): 0.561877 ( 296024,108283 ): 0.905611 ( 69153,108774 ): 0.857122 
( 754032,109012 ): 0.0475555 ( 105618,109669 ): 0.165235 ( 502163,110792 ): 0.0799943 ( 315339,112204 ): 0.455415 ( 276085,115079 ): 0.398633 
( 781172,118853 ): 0.737555 ( 486047,120163 ): -0.083214 ( 297894,120411 ): 0.0126719 ( 647796,120412 ): 0.176381 ( 753706,121236 ): 0.876011 
( 848913,121863 ): 0.026703 ( 96379,123515 ): -0.0935067 ( 518313,124248 ): 0.564416 ( 288111,126862 ): 0.609782 ( 31263,127889 ): -0.118921 
( 792507,128249 ): 0.623101 ( 743966,129551 ): 0.427513 ( 87985,130036 ): 0.0868062 ( 169526,130418 ): 0.265217 ( 62002,130552 ): -0.324032 
( 24944,132849 ): 0.664198 ( 137580,133420 ): 0.608214 ( 120521,133528 ): 0.518489 ( 162677,133832 ): 0.90602 ( 230667,138235 ): 0.0742959 
( 792507,140176 ): 0.869224 ( 246022,141256 ): 0.529548 ( 939567,144629 ): -0.169764 ( 485991,145443 ): 0.41124 ( 845443,145489 ): 0.521755 
( 222436,146478 ): 0.676886 ( 6320,146755 ): -0.0274152 ( 762731,146796 ): 0.644987 ( 197532,150629 ): 0.659439 ( 207127,156749 ): 0.109375 
( 672910,158765 ): -0.236488 ( 549797,163577 ): 0.0316732 ( 567190,164750 ): 0.327027 ( 574057,165068 ): 0.152558 ( 784527,166767 ): 0.546988 
( 754032,167296 ): -0.186326 ( 88180,167762 ): 0.86623 ( 109421,169189 ): 0.211164 ( 822777,170214 ): 0.754835 ( 532957,170690 ): 0.720009 
( 296024,171726 ): 0.227742 ( 211758,173007 ): 0.613763 ( 951384,174506 ): 0.734938 ( 221894,175538 ): -0.100504 ( 81683,177957 ): 0.466124 
( 343930,178621 ): 0.699331 ( 44764,178645 ): 0.0278265 ( 59819,178750 ): 0.188512 ( 805785,179636 ): 0.758396 ( 18258,181817 ): 0.312567 
( 936946,183699 ): 0.251422 ( 239655,184451 ): -0.337386 ( 308762,185440 ): 0.913213 ( 197921,185999 ): 0.153604 ( 91650,186481 ): 0.210177 
( 75100,188467 ): 0.388749 ( 573978,188697 ): 0.13134 ( 292559,188843 ): 0.181329 ( 947816,189701 ): 0.9433 ( 414251,190531 ): 0.623022 
( 684920,190888 ): 0.329465 ( 165855,192840 ): -0.266606 ( 390390,195634 ): 0.139723 ( 77560,196200 ): 0.618234 ( 260038,196544 ): 0.868913 
( 369270,197040 ): 0.256975 ( 767016,198426 ): 0.707522 ( 520545,199089 ): 0.558461 ( 781172,200322 ): 0.272131 ( 395819,200777 ): 0.517456 
( 139089,204847 ): 0.278514 ( 805930,204968 ): 0.764106 ( 23290,206967 ): 0.571126 ( 936206,212006 ): 0.328304 ( 410219,216586 ): 0.586648 
( 246885,219287 ): 0.459976 ( 796045,221426 ): 0.540793 ( 671953,222748 ): 0.0263909 ( 477523,225944 ): 0.103208 ( 31263,227708 ): 0.64284 
( 669511,231013 ): 0.151283 ( 52151,233300 ): 0.34304 ( 10538,238968 ): -0.0277206 ( 59156,240009 ): 0.00499352 ( 471156,240267 ): 0.590648 
( 178906,244073 ): 0.798568 ( 342833,245292 ): 0.616217 ( 238115,246628 ): 0.127436 ( 813092,249420 ): 0.728406 ( 796741,253296 ): 0.559635 
( 781094,253397 ): 0.526884 ( 754032,253861 ): -0.071823 ( 636106,253914 ): -0.147727 ( 140499,255051 ): -0.543998 ( 160690,256528 ): 0.358134 
( 84053,256557 ): 0.571696 ( 165162,258514 ): 0.348101 ( 626463,261087 ): 0.750412 ( 757157,264617 ): 0.179889 ( 81083,269172 ): 0.95124 
( 532957,272567 ): 0.826876 ( 500298,279395 ): 0.416933 ( 101795,281953 ): 0.317504 ( 136871,282752 ): 0.620871 ( 767016,283015 ): 0.382008 
( 945269,286092 ): 0.856812 ( 925837,302026 ): 0.616396 ( 745584,302955 ): 0.383993 ( 615026,303422 ): -0.233757 ( 540883,307083 ): 0.310257 
( 758453,308013 ): -0.365483 ( 200775,309839 ): 0.922947 ( 586798,314923 ): 0.397596 ( 296024,315104 ): 0.320794 ( 206241,315142 ): 0.184449 
( 287604,317093 ): -0.217573 ( 610706,317571 ): 0.453129 ( 578999,320470 ): 0.325406 ( 227527,327130 ): 0.70101 ( 543055,328956 ): 0.207872 
( 162197,329542 ): 0.169393 ( 790820,329883 ): -0.400791 ( 96977,329978 ): 0.733406 ( 925837,330061 ): 0.0755995 ( 273105,332536 ): 0.790088 
( 856451,333903 ): 0.588844 ( 261332,346637 ): 0.58639 ( 119111,352164 ): 0.778283 ( 649435,352575 ): 0.597184 ( 128440,354609 ): 0.366333 
( 792530,354883 ): 0.010566 ( 130932,355142 ): -0.00281398 ( 147635,359179 ): 0.80502 ( 21334,359559 ): 0.664885 ( 39656,360956 ): 0.621447 
( 755494,367156 ): 0.00234389 ( 17748,367417 ): -0.0408816 ( 748773,369270 ): 0.0706409 ( 81083,389979 ): 0.487221 ( 29884,395633 ): 0.478168 
( 81796,396372 ): 0.807379 ( 227527,397156 ): 0.0869421 ( 135273,399437 ): 0.723456 ( 950571,405113 ): 0.860458 ( 147635,407101 ): -0.175348 
( 950571,408531 ): 0.472204 ( 838300,409985 ): 0.744581 ( 179698,413405 ): 0.394832 ( 7689,423467 ): 0.264627 ( 201760,424117 ): 0.380763 
( 669303,428725 ): 0.540768 ( 235923,444140 ): 0.411515 ( 485135,448152 ): 0.643803 ( 508443,448207 ): 0.509158 ( 29884,450700 ): -0.427221 
( 74853,450786 ): -0.0819559 ( 780581,453009 ): 0.821226 ( 816890,454240 ): 0.218894 ( 511041,460553 ): 0.341777 ( 816701,479204 ): 0.221266 
( 808944,480984 ): 0.565336 ( 418740,483848 ): 0.554894 ( 351733,485118 ): 0.163536 ( 754032,486115 ): 0.42733 ( 170690,490416 ): 0.674916 
( 744548,492670 ): 0.241512 ( 145543,494537 ): 0.426848 ( 105129,501537 ): 0.221918 ( 109274,502774 ): 0.322224 ( 75825,502806 ): 0.436983 
( 257141,502978 ): 0.425894 ( 894335,503668 ): 0.586327 ( 927555,515600 ): 0.0268123 ( 195368,515750 ): -0.352361 ( 245760,515790 ): 0.302863 
( 754032,520975 ): -0.311021 ( 549797,523661 ): 0.837991 ( 29884,546735 ): -0.127601 ( 21578,550940 ): 0.577736 ( 167320,556292 ): 0.786156 
( 176358,559927 ): 0.125141 ( 24944,567374 ): -0.150207 ( 830028,574483 ): 0.367925 ( 572106,576072 ): -0.0444377 ( 137580,578028 ): -0.193072 
( 414251,580485 ): 0.155044 ( 44764,585210 ): 0.0343785 ( 85448,588943 ): 0.3524 ( 73383,589802 ): 0.665355 ( 6232,591459 ): 0.424319 
( 809396,593129 ): -0.136302 ( 781370,597269 ): 0.0242639 ( 744548,603980 ): 0.38633 ( 869417,604090 ): 0.823375 ( 238115,604924 ): 0.322007 
( 197424,607105 ): 0.610035 ( 744548,611877 ): 0.606202 ( 349157,612095 ): 0.211105 ( 132940,615026 ): 0.952268 ( 135273,616979 ): 0.2599 
( 174822,620759 ): 0.458568 ( 192382,623985 ): 0.689537 ( 31263,626115 ): 0.513631 ( 758194,627250 ): 0.273491 ( 311680,628571 ): 0.233982 
( 956973,632986 ): 0.444399 ( 748222,633080 ): -0.198171 ( 825032,634674 ): 0.929063 ( 796741,650525 ): 0.684558 ( 194039,660244 ): 0.387929 
( 16759,661974 ): 0.658485 ( 542549,662149 ): 0.66719 ( 242861,663455 ): 0.330122 ( 1.31204e+06,664618 ): 0.125479 ( 147200,669473 ): -0.305733 
( 162677,670641 ): 0.7823 ( 38490,672411 ): 0.0817214 ( 197424,672918 ): 0.398476 ( 805930,674310 ): 0.772925 ( 668448,674937 ): 0.591264 
( 820434,681956 ): 0.617633 ( 848784,683065 ): 0.703002 ( 52151,683921 ): -0.219684 ( 311074,694325 ): 0.567356 ( 187907,695943 ): 0.655784 
( 279337,697391 ): 0.20126 ( 337119,740569 ): -0.278736 ( 4852,741671 ): -0.0747752 ( 6613,744075 ): 0.730567 ( 193320,746128 ): 0.545277 
( 754032,746182 ): -0.133854 ( 639005,752150 ): 0.950531 ( 636433,752613 ): 0.599187 ( 898331,753094 ): 0.641124 ( 330575,753254 ): 0.0869647 
( 180023,753422 ): 0.495029 ( 792507,753985 ): 0.571729 ( 6334,754219 ): 0.509258 ( 611881,754879 ): 0.595221 ( 489676,755030 ): -0.476358 
( 591620,758194 ): 0.265708 ( 11028,758661 ): 0.881259 ( 578999,759187 ): 0.427474 ( 379125,761109 ): 0.00508434 ( 486305,762288 ): 0.166161 
( 83554,762496 ): 0.265992 ( 608701,769616 ): 0.203678 ( 858710,770628 ): 0.922946 ( 816517,771838 ): 0.145279 ( 149173,773615 ): 0.710775 
( 151469,774956 ): 0.694784 ( 649950,775446 ): -0.231604 ( 583618,778526 ): 0.553546 ( 942252,779209 ): -0.177301 ( 186185,779599 ): 0.415606 
( 615026,781680 ): 0.456342 ( 1.05529e+06,784122 ): 0.36839 ( 805930,784527 ): 0.651835 ( 744969,784597 ): 0.603735 ( 208404,786080 ): 0.254694 
( 142652,786360 ): 0.63716 ( 410219,787960 ): 0.248704 ( 40225,788937 ): 0.140516 ( 315909,793227 ): 0.330135 ( 418740,793898 ): 0.69672 
( 203008,793913 ): 0.128071 ( 1.52801e+06,795288 ): 0.966996 ( 781094,795905 ): 0.563603 ( 75295,798477 ): 0.419345 ( 760240,798662 ): 0.791853 
( 31263,803533 ): 0.373759 ( 30431,804338 ): 0.856961 ( 259529,805930 ): 0.802587 ( 72041,810912 ): 0.782757 ( 96379,811178 ): 0.093109 
( 772526,812040 ): -0.0466852 ( 75100,813463 ): 0.470663 ( 94658,814530 ): 0.00774307 ( 287350,814871 ): 0.0667528 ( 838195,818254 ): 0.0914601 
( 276626,818627 ): 0.457226 ( 70534,820780 ): 0.0393526 ( 45057,820999 ): 0.860076 ( 409954,821252 ): 0.221937 ( 4852,822913 ): 0.00772596 
( 295756,824895 ): 0.16994 ( 477875,825168 ): 0.323201 ( 898331,825208 ): 0.349096 ( 178014,826660 ): 0.395634 ( 92303,826936 ): 0.297473 
( 591104,827224 ): 0.444744 ( 137494,827250 ): 0.602216 ( 608701,827367 ): -0.164545 ( 892771,827760 ): -0.0515943 ( 492162,827859 ): 0.365194 
( 805930,828507 ): 0.571082 ( 221894,829125 ): 0.247105 ( 321321,832833 ): 0.310016 ( 125569,833539 ): -0.31025 ( 669511,836103 ): 0.435675 
( 577531,837150 ): 0.801881 ( 540883,839037 ): 0.25199 ( 926548,840215 ): -0.550113 ( 582930,845668 ): 0.596718 ( 519637,851205 ): 0.00286021 
( 561715,851240 ): 0.0924477 ( 188432,852970 ): 0.0845932 ( 47033,855619 ): 0.540913 ( 796439,855655 ): 0.635146 ( 7731,857887 ): 0.566711 
( 511041,859026 ): 0.383567 ( 798606,859509 ): 0.705267 ( 764890,860996 ): 0.568318 ( 610706,866767 ): 0.571605 ( 502371,869364 ): 0.47318 
( 390477,884251 ): 0.573887 ( 37730,887235 ): 0.765803 ( 87113,887348 ): 0.235002 ( 556242,887719 ): 0.465438 ( 366164,888394 ): -0.0485025 
( 744969,888942 ): 0.081253 ( 777210,891911 ): 0.643681 ( 758194,894831 ): 0.147402 ( 961427,912566 ): 0.737778 ( 43444,914671 ): 0.911748 
( 325459,919846 ): 0.498231 ( 171637,920165 ): 0.623635 ( 245039,921289 ): 0.421254 ( 230784,921888 ): 0.0122317 ( 541125,923801 ): 0.625063 
( 272567,926115 ): -0.139868 ( 119651,933927 ): 0.499887 ( 307461,934801 ): 0.0606462 ( 478426,948333 ): 0.154038 ( 230667,949025 ): 0.162922 
( 246960,950441 ): 0.647834 ( 409954,950777 ): 0.673373 ( 6320,950805 ): 0.586708 ( 69534,954189 ): 0.709259 ( 249175,955773 ): 0.801369 
( 591459,983872 ): 0.733076 ( 758208,988448 ): -0.36015 ( 240665,989540 ): -0.0868245 ( 28002,997588 ): 0.928528 ( 667669,999790 ): 0.388262 
( 754032,1.01963e+06 ): 0.129892 ( 478173,1.03222e+06 ): 0.245741 ( 754032,1.03245e+06 ): -0.344449 ( 549797,1.0615e+06 ): 0.592349 ( 745584,1.27611e+06 ): -0.331208 
( 793664,1.40978e+06 ): 0.0573133 ( 798662,1.43517e+06 ): 0.56427 ( 239921,1.45998e+06 ): -0.353454 ( 1.82483e+06,1.47185e+06 ): 0.642796 ( 758999,1.57371e+06 ): 0.416284 
( 57280,1.59184e+06 ): 0.407218 ( 845662,1.61904e+06 ): 0.0644707 ( 894465,1.62071e+06 ): -0.207068 ( 480086,1.77244e+06 ): 0.333653 ( 71970,1.97197e+06 ): -0.110843 
( 776011,2.04353e+06 ): 0.303897 ( 924780,2.06029e+06 ): 0.2037 ( 546214,2.11807e+06 ): 0.825163 ( 775877,2.14294e+06 ): 0.473009 ( 793022,2.3683e+06 ): 0.0872175 
( 45313,2.39429e+06 ): 0.527518 ( 757342,2.39771e+06 ): 0.556801 ( 578999,2.40696e+06 ): 0.705561 ( 865016,2.4444e+06 ): -0.144681 ( 495338,2.52614e+06 ): 0.468088 
( 611007,2.52842e+06 ): 0.630507 ( 232480,2.59697e+06 ): 0.886638 ( 546214,2.64131e+06 ): 0.918947 ( 468938,2.77579e+06 ): 0.516592 ( 134600,2.80673e+06 ): -0.111077 
( 83554,2.81418e+06 ): 0.520564 ( 587631,2.87795e+06 ): 0.534381 ( 31685,2.92352e+06 ): -0.374847 ( 170770,3.04562e+06 ): 0.286211 ( 26164,3.13937e+06 ): 0.023544 
( 792530,3.14544e+06 ): 0.443113 ( 761179,3.17854e+06 ): 0.49558 ( 757342,3.19026e+06 ): 0.588857 ( 303506,3.24266e+06 ): 0.339419 ( 3426,3.41025e+06 ): 0.504545 
( 866491,3.41351e+06 ): -0.411611 ( 170770,3.4166e+06 ): 0.470304 ( 170770,3.42047e+06 ): 0.220707 ( 325459,3.44969e+06 ): -0.0669705 ( 80649,3.46957e+06 ): 0.571469 
( 478173,3.50628e+06 ): 0.452204 ( 2.57046e+06,3.60603e+06 ): 0.485553 ( 2.57046e+06,3.60603e+06 ): 0.485553 
average: 0.365419
